local Library = loadstring(game:HttpGet("https://raw.githubusercontent.com/xHeptc/Kavo-UI-Library/main/source.lua"))()
local Window = Library.CreateLib("🔥 OGer bable gam sim 🔥", "Sentinel")

local Creditss = Window:NewTab("Credits")
local Credit = Creditss:NewSection("Credits")

Credit:NewLabel("MADE BY ONLIOX LA GARDAŞŞ")

local Main = Window:NewTab("Main")
local Bubbles = Main:NewSection("Bubble")

Bubbles:NewToggle("Auto Blow", "ToggleInfo", function(state)
    if state then
        _G.autobubble = true;
        while _G.autobubble == true do
            game:GetService("ReplicatedStorage"):WaitForChild("Assets"):WaitForChild("Remotes"):WaitForChild("BlowBubble"):FireServer()
            wait()
        end
    else
        _G.autobubble = false;
    end
end)

Bubbles:NewToggle("Auto Sell", "ToggleInfo", function(state)
    if state then
        _G.autosell = true;
        while _G.autosell == true do
            local args = {
                [1] = "TwilightSell"
            }
            
            game:GetService("ReplicatedStorage"):WaitForChild("Assets"):WaitForChild("Remotes"):WaitForChild("SellBubble"):FireServer(unpack(args))            
            wait()
        end
    else
        _G.autosell = false;
    end
end)

local Collector = Main:NewSection("Collect")

Collector:NewButton("Start", "ButtonInfo", function()
    _G.collect = true;
    while _G.collect == true do
        game.Players.LocalPlayer.Character.HumanoidRootPart.CFrame = CFrame.new(workspace.Pickups.Model.Part.Position)
    end
end)

Collector:NewButton("Stop", "ButtonInfo", function()
    _G.collect = false;
end)

Collector:NewToggle("Auto Collect Things (open float from I.F.)", "ToggleInfo", function(state)
    if state then
        _G.collect = true;
while _G.collect == true do
    game.Players.LocalPlayer.Character.HumanoidRootPart.CFrame = CFrame.new(workspace.Pickups.Model.Part.Position)
    wait()
end
    else
        _G.collect = false;
    end
end)

local eggs = Window:NewTab("Eggs")

local delete = eggs:NewSection("Auto Delete")

delete:NewToggle("Auto Delete Pets (Except Legendaries)", "ToggleInfo", function(state)
    if state then
        _G.deleteall = true;
while _G.deleteall == true do
    game:GetService("ReplicatedStorage"):WaitForChild("Assets"):WaitForChild("Remotes"):WaitForChild("PetUnlockedDelete"):FireServer()
    wait(5)
end
    else
        _G.deleteall = false;
    end
end)

local Christmas = eggs:NewSection("Christmas Eggs")

Christmas:NewToggle("Frost Egg", "ToggleInfo", function(state)
    if state then
        _G.FrostEgg = true;
        while _G.FrostEgg == true do
            local args = {
                [1] = "Frost Egg",
                [2] = "Multi"
            }
            
            game:GetService("ReplicatedStorage"):WaitForChild("Assets"):WaitForChild("Remotes"):WaitForChild("PurchaseEgg"):FireServer(unpack(args))            
        game.Players.LocalPlayer.Character.HumanoidRootPart.CFrame = CFrame.new(-770, 30109, -3209)
            wait()
        end
    else
        _G.FrostEgg = false;
    end
end)

local Teleport = Window:NewTab("Teleport")
local MainWorld = Teleport:NewSection("Overworld")

MainWorld:NewDropdown("Main World", "Select To Teleport", {"The Floating Island", "Space", "The Twilight", "The Skylands", "The Void", "Zen"}, function(MainWorldOption)
    game.Players.LocalPlayer.Character.HumanoidRootPart.CFrame = CFrame.new(workspace.FloatingIslands["Overworld"][MainWorldOption].TeleportPoint.Position)
end)

local Christmas = Teleport:NewSection("Christmas")

Christmas:NewDropdown("Christmas World", "Select To Teleport", {"Christmas Island", "Jolly Island", "Santa's Island", "Festive Island", "Christmas Realm"}, function(ChristmasOption)
    game.Players.LocalPlayer.Character.HumanoidRootPart.CFrame = CFrame.new(workspace.FloatingIslands["Christmas"][ChristmasOption].TeleportPoint.Position)
end)

local chest = Window:NewTab("Chest")
local chests = chest:NewSection("Main World")   

chests:NewButton("Collect Coin Chest", "ButtonInfo", function()
    plr = game:GetService("Players").LocalPlayer

X1 = plr.Character:FindFirstChild("HumanoidRootPart").CFrame.X
Y1 = plr.Character:FindFirstChild("HumanoidRootPart").CFrame.Y
Z1 = plr.Character:FindFirstChild("HumanoidRootPart").CFrame.Z
wait()
game.Players.LocalPlayer.Character.HumanoidRootPart.CFrame = CFrame.new(97.0265427, 907.436279, -298.319946, -0.866713405, -5.82850106e-08, 0.498806447, -3.83822076e-08, 1, 5.01570057e-08, -0.498806447, 2.43264573e-08, -0.866713405)
wait(1)
plr.Character.HumanoidRootPart.CFrame = CFrame.new(X1, Y1+5, Z1)
end)

chests:NewButton("Collect Gem Chest", "ButtonInfo", function()
    plr = game:GetService("Players").LocalPlayer

X1 = plr.Character:FindFirstChild("HumanoidRootPart").CFrame.X
Y1 = plr.Character:FindFirstChild("HumanoidRootPart").CFrame.Y
Z1 = plr.Character:FindFirstChild("HumanoidRootPart").CFrame.Z
wait()
game.Players.LocalPlayer.Character.HumanoidRootPart.CFrame = CFrame.new(94.5795822, 21107.3887, -301.911957, -0.770682156, -1.34349447e-08, 0.637219727, -2.65077418e-08, 1, -1.09759606e-08, -0.637219727, -2.53502339e-08, -0.770682156)
wait(1)
game.Players.LocalPlayer.Character.HumanoidRootPart.CFrame = CFrame.new(70.8051834, 32140.3887, -320.577454, -0.147042438, 5.16096961e-08, 0.989130199, -5.89835203e-08, 1, -6.094524e-08, -0.989130199, -6.73039153e-08, -0.147042438)
wait(1)
plr.Character.HumanoidRootPart.CFrame = CFrame.new(X1, Y1+5, Z1)
end)

chests:NewToggle("Collect Chests", "ToggleInfo", function(state)
    if state then
        _G.CollectChests = true;
        while _G.CollectChests == true do
            plr = game:GetService("Players").LocalPlayer

            X1 = plr.Character:FindFirstChild("HumanoidRootPart").CFrame.X
            Y1 = plr.Character:FindFirstChild("HumanoidRootPart").CFrame.Y
            Z1 = plr.Character:FindFirstChild("HumanoidRootPart").CFrame.Z
            wait()
            game.Players.LocalPlayer.Character.HumanoidRootPart.CFrame = CFrame.new(94.5795822, 21107.3887, -301.911957, -0.770682156, -1.34349447e-08, 0.637219727, -2.65077418e-08, 1, -1.09759606e-08, -0.637219727, -2.53502339e-08, -0.770682156)
            wait(1)
            game.Players.LocalPlayer.Character.HumanoidRootPart.CFrame = CFrame.new(70.8051834, 32140.3887, -320.577454, -0.147042438, 5.16096961e-08, 0.989130199, -5.89835203e-08, 1, -6.094524e-08, -0.989130199, -6.73039153e-08, -0.147042438)
            wait(1)
            game.Players.LocalPlayer.Character.HumanoidRootPart.CFrame = CFrame.new(97.0265427, 907.436279, -298.319946, -0.866713405, -5.82850106e-08, 0.498806447, -3.83822076e-08, 1, 5.01570057e-08, -0.498806447, 2.43264573e-08, -0.866713405)
            wait(1)
            game.Players.LocalPlayer.Character.HumanoidRootPart.CFrame = CFrame.new(-801, 5237, -3224)
            wait(1)
            game.Players.LocalPlayer.Character.HumanoidRootPart.CFrame = CFrame.new(-803, 30107, -3225)
            wait(1)
            game.Players.LocalPlayer.Character.HumanoidRootPart.CFrame = CFrame.new(-802, 40940, -3223)
            wait(1)
            plr.Character.HumanoidRootPart.CFrame = CFrame.new(X1, Y1+5, Z1)
            wait(300)
        end
    else
        _G.CollectChests = false;
    end
end)

local plr = Window:NewTab("Misc")

local gamee = plr:NewSection("Game")

gamee:NewButton("Infinite Yield", "ButtonInfo", function()
    loadstring(game:HttpGet('https://raw.githubusercontent.com/EdgeIY/infiniteyield/master/source'))()
end)

gamee:NewButton("Anti Afk", "ButtonInfo", function()
    wait(0.5)local ba=Instance.new("ScreenGui")
    local ca=Instance.new("TextLabel")local da=Instance.new("Frame")
    local _b=Instance.new("TextLabel")local ab=Instance.new("TextLabel")ba.Parent=game.CoreGui
    ba.ZIndexBehavior=Enum.ZIndexBehavior.Sibling;ca.Parent=ba;ca.Active=true
    ca.BackgroundColor3=Color3.new(0.176471,0.176471,0.176471)ca.Draggable=true
    ca.Position=UDim2.new(0.698610067,0,0.098096624,0)ca.Size=UDim2.new(0,370,0,52)
    ca.Font=Enum.Font.SourceSansSemibold;ca.Text="Anti AFK Script"ca.TextColor3=Color3.new(0,1,1)
    ca.TextSize=22;da.Parent=ca
    ca.Visible=false
    da.BackgroundColor3=Color3.new(0.196078,0.196078,0.196078)da.Position=UDim2.new(0,0,1.0192306,0)
    da.Size=UDim2.new(0,370,0,107)_b.Parent=da
    _b.BackgroundColor3=Color3.new(0.176471,0.176471,0.176471)_b.Position=UDim2.new(0,0,0.800455689,0)
    _b.Size=UDim2.new(0,370,0,21)_b.Font=Enum.Font.Arial;_b.Text="made by onliox "
    _b.TextColor3=Color3.new(0,1,1)_b.TextSize=20;ab.Parent=da
    ab.BackgroundColor3=Color3.new(0.176471,0.176471,0.176471)ab.Position=UDim2.new(0,0,0.158377,0)
    ab.Size=UDim2.new(0,370,0,44)ab.Font=Enum.Font.ArialBold;ab.Text="Status: Active"
    ab.TextColor3=Color3.new(0,1,1)ab.TextSize=20;local bb=game:service'VirtualUser'
    game:service'Players'.LocalPlayer.Idled:connect(function()
    bb:CaptureController()bb:ClickButton2(Vector2.new())
    ab.Text="Roblox tried to kick u but i kicked him instead"wait(2)ab.Text="Status : Active"end)
end)

gamee:NewButton("Rejoin", "ButtonInfo", function()
    local ts = game:GetService("TeleportService")

    local p = game:GetService("Players").LocalPlayer
    
    
    
    ts:TeleportToPlaceInstance(game.PlaceId, game.JobId, p)
end)

gamee:NewButton("Server Hop", "ButtonInfo", function()
    local Servers = game.HttpService:JSONDecode(game:HttpGet("https://games.roblox.com/v1/games/14206957248/servers/Public?sortOrder=Asc&limit=100"))
    for i,v in pairs(Servers.data) do
      if v.playing ~= v.maxPlayers then
          game:GetService('TeleportService'):TeleportToPlaceInstance(game.PlaceId, v.id)
      end
    end
end)

local plr2 = plr:NewSection("Player")

plr2:NewSlider("Speed", "SliderInfo", 250, 0, function(s)
    game.Players.LocalPlayer.Character.Humanoid.WalkSpeed = s
end)

plr2:NewSlider("Jump Power", "SliderInfo", 250, 0, function(s)
    game.Players.LocalPlayer.Character.Humanoid.JumpHeight = s
end)

plr2:NewButton("Infinity Jump", "ButtonInfo", function()
    local Player = game:GetService'Players'.LocalPlayer;
    local UIS = game:GetService'UserInputService';
     
    _G.JumpHeight = 50;
     
    function Action(Object, Function) if Object ~= nil then Function(Object); end end
     
    UIS.InputBegan:connect(function(UserInput)
        if UserInput.UserInputType == Enum.UserInputType.Keyboard and UserInput.KeyCode == Enum.KeyCode.Space then
            Action(Player.Character.Humanoid, function(self)
                if self:GetState() == Enum.HumanoidStateType.Jumping or self:GetState() == Enum.HumanoidStateType.Freefall then
                    Action(self.Parent.HumanoidRootPart, function(self)
                        self.Velocity = Vector3.new(0, _G.JumpHeight, 0);
                    end)
                end
            end)
        end
    end)
end)

gamee:NewKeybind("Press To Hide", "KeybindInfo", Enum.KeyCode.RightControl, function()
	Library:ToggleUI()
end)
